Symbol: Figure Eight  Size: 31  Character: '8'
    1234567890123456789012345678901

 1   88888888888888888888888888888
 2  8                             8
 3  8                             8
 4  8                             8
 5  8                             8
 6  8                             8
 7  8                             8
 8  8                             8
 9  8                             8
10  8                             8
11  8                             8
12  8                             8
13  8                             8
14  8                             8
15   88888888888888888888888888888
16  8                             8
17  8                             8
18  8                             8
19  8                             8
20  8                             8
21  8                             8
22  8                             8
23  8                             8
24  8                             8
25  8                             8
26  8                             8
27  8                             8
28  8                             8
29  8                             8
30  8                             8
31   88888888888888888888888888888

    1234567890123456789012345678901